
amazon_0-9 to webcam_0-9_20-30 - 4 ss classes


Separation known/unknown phase------------------------------------------------------------------------------------------


Epoch:  0
{'loss_object_class': 0.8542800545692444, 'acc_train': 0.84375, 'loss_rotation': 6.208075523376465, 'acc_train_rot': 0.1875, 'loss_center': 231.0951690673828}
Epoch:  1
{'loss_object_class': 0.5674750804901123, 'acc_train': 0.90625, 'loss_rotation': 4.280362129211426, 'acc_train_rot': 0.59375, 'loss_center': 206.68186950683594}
Epoch:  2
{'loss_object_class': 0.41566410660743713, 'acc_train': 0.9375, 'loss_rotation': 3.2003467082977295, 'acc_train_rot': 0.71875, 'loss_center': 192.5501251220703}
Epoch:  3
{'loss_object_class': 0.4458404779434204, 'acc_train': 0.96875, 'loss_rotation': 3.439007520675659, 'acc_train_rot': 0.5625, 'loss_center': 188.00331115722656}
Epoch:  4
{'loss_object_class': 0.2631698548793793, 'acc_train': 0.96875, 'loss_rotation': 2.7042083740234375, 'acc_train_rot': 0.75, 'loss_center': 180.89671325683594}
Epoch:  5
{'loss_object_class': 0.18239080905914307, 'acc_train': 1.0, 'loss_rotation': 2.031088352203369, 'acc_train_rot': 0.84375, 'loss_center': 167.64794921875}
Epoch:  6
{'loss_object_class': 0.27370885014533997, 'acc_train': 0.9375, 'loss_rotation': 2.123659133911133, 'acc_train_rot': 0.75, 'loss_center': 162.87950134277344}
Epoch:  7
{'loss_object_class': 0.20999807119369507, 'acc_train': 0.96875, 'loss_rotation': 1.876989483833313, 'acc_train_rot': 0.78125, 'loss_center': 157.93275451660156}
Epoch:  8
{'loss_object_class': 0.11646132171154022, 'acc_train': 1.0, 'loss_rotation': 1.5947191715240479, 'acc_train_rot': 0.6875, 'loss_center': 147.269775390625}
Epoch:  9
{'loss_object_class': 0.16176146268844604, 'acc_train': 1.0, 'loss_rotation': 1.6832783222198486, 'acc_train_rot': 0.875, 'loss_center': 151.92555236816406}
[ 0  0  0  0  0  0  0  0  0  0  0  0  0  0  0  0  0  0  0  0  0  0  0  0
  0  0  0  0  0  1  1  1  1  1  1  1  1  1  1  1  1  1  1  1  1  1  1  1
  1  1  2  2  2  2  2  2  2  2  2  2  2  2  2  2  2  2  2  2  2  2  2  2
  2  2  2  2  2  2  3  3  3  3  3  3  3  3  3  3  3  3  4  4  4  4  4  4
  4  4  4  4  4  4  4  4  4  4  5  5  5  5  5  5  5  5  5  5  5  5  5  5
  5  5  5  5  5  5  5  5  5  5  5  5  5  5  5  5  5  6  6  6  6  6  6  6
  6  6  6  6  6  6  6  6  6  6  6  6  6  6  6  6  6  6  6  6  6  6  6  6
  6  6  6  6  6  6  6  6  6  7  7  7  7  7  7  7  7  7  7  7  7  7  7  7
  7  7  7  8  8  8  8  8  8  8  8  8  8  8  8  8  8  8  8  8  8  8  8  8
  9  9  9  9  9  9  9  9  9  9  9  9  9  9  9  9  9  9  9 10 10 10 10 10
 10 10 10 10 10 10 10 10 10 10 10 11 11 11 11 11 11 11 11 11 11 11 11 11
 11 11 11 11 11 11 11 12 12 12 12 12 12 12 12 12 12 12 12 12 12 12 12 12
 12 12 12 12 12 12 12 12 12 12 12 12 12 13 13 13 13 13 13 13 13 13 13 13
 13 13 13 13 13 13 13 13 13 13 13 13 13 13 13 13 14 14 14 14 14 14 14 14
 14 14 14 14 14 14 14 14 14 14 14 14 14 14 14 14 14 14 14 14 14 14 14 14
 14 14 14 14 14 14 14 14 15 15 15 15 15 15 15 15 15 15 15 16 16 16 16 16
 16 16 16 16 16 16 16 16 16 16 16 16 16 16 16 16 16 16 16 16 17 17 17 17
 17 17 17 17 17 17 17 17 17 17 17 17 17 17 17 17 17 17 17 17 17 17 17 17
 17 17 18 18 18 18 18 18 18 18 18 18 18 18 18 18 18 18 18 18 18 18 18 18
 18 18 19 19 19 19 19 19 19 19 19 19 19 19 19 19 19 19 19 19 19 19 19 19
 19 20 20 20 20 20 20 20 20 20 20 20 20 20 20 20 20 20 20 20 20 20]
torch.Size([502])
(502,)
0.5
193
[0.0370606  0.04075901 0.04447795 0.04546458 0.04617829 0.04623494
 0.04725077 0.04726274 0.04753119 0.0484836  0.0485086  0.04938079
 0.05127233 0.05160434 0.05252113 0.05268788 0.05300391 0.05702651
 0.05734386 0.05790922 0.05832666 0.0586623  0.05876174 0.058922
 0.05902725 0.05914053 0.05940162 0.05955454 0.05971748 0.06061739
 0.06067582 0.06083572 0.06097741 0.06110132 0.06119728 0.06125784
 0.06425697 0.06489635 0.06603537 0.0661456  0.06643423 0.0672017
 0.06753272 0.06773715 0.06775432 0.06796218 0.06805322 0.06972542
 0.06975053 0.06988697 0.07104775 0.07155126 0.07226676 0.07293305
 0.07315561 0.07327461 0.07344164 0.07354426 0.07375521 0.07414596
 0.07472783 0.0747664  0.07506333 0.0755887  0.07581454 0.07628656
 0.07629635 0.07805616 0.07809008 0.07831275 0.07879776 0.08026141
 0.08093816 0.08168113 0.08199254 0.08289927 0.08338642 0.08352508
 0.08398402 0.08471107 0.08514494 0.08514631 0.0856657  0.0856688
 0.0860972  0.08625554 0.08822376 0.08825979 0.08893041 0.08969329
 0.09025561 0.09147141 0.09184152 0.09284222 0.09335195 0.09433297
 0.09472874 0.0959533  0.09631714 0.0969689  0.09711139 0.09774772
 0.09833163 0.09928113 0.09929729 0.09947789 0.09979953 0.09986724
 0.10021937 0.10058534 0.10075068 0.10110076 0.10170534 0.10278308
 0.10318952 0.10381068 0.10421799 0.10475117 0.10788529 0.11101653
 0.11202872 0.11227649 0.11289775 0.11447895 0.11529702 0.11576912
 0.11583006 0.11632413 0.11792511 0.11823213 0.11824107 0.11962312
 0.12046957 0.12075883 0.12157308 0.12195859 0.12211841 0.12224543
 0.12241113 0.12266374 0.12297565 0.12455177 0.1245926  0.12476873
 0.12553632 0.12620077 0.12643231 0.12684135 0.12876517 0.12970978
 0.13008022 0.13082963 0.13429016 0.13782674 0.14214092 0.14301062
 0.145765   0.14924528 0.15048158 0.15133536 0.1538558  0.15499192
 0.15726686 0.15844083 0.15857062 0.15976202 0.16044334 0.16480953
 0.1663423  0.17181224 0.17344639 0.17424066 0.17488366 0.17642929
 0.18032265 0.18178445 0.18358046 0.1862365  0.18926865 0.19032443
 0.19149011 0.19269723 0.19378108 0.19589597 0.19601771 0.1962161
 0.1991427  0.19967347 0.19970691 0.20094723 0.2031852  0.2041406
 0.20417935 0.20456171 0.20488179 0.211866   0.21396142 0.21567805
 0.21733057 0.21786702 0.21846366 0.22901392 0.23156285 0.23270357
 0.23476511 0.23619753 0.23633683 0.23831934 0.23973078 0.24127907
 0.2421419  0.24355537 0.24691588 0.24737251 0.24874623 0.251131
 0.25563222 0.25685573 0.25833786 0.26133525 0.26282907 0.26367265
 0.26554477 0.2718718  0.2720238  0.2768402  0.27951735 0.28463206
 0.28668433 0.28804892 0.28889948 0.29174125 0.29253477 0.29311693
 0.29390067 0.29435635 0.2944128  0.29482526 0.29553366 0.29864264
 0.29973948 0.30296332 0.30457556 0.30476332 0.30575544 0.31278658
 0.31304878 0.3141824  0.31521505 0.31778163 0.32037663 0.32141823
 0.33303994 0.33499908 0.33926034 0.34165585 0.3437472  0.34570092
 0.3471232  0.3516085  0.35220736 0.35346454 0.35377938 0.3551581
 0.35931182 0.36056983 0.36117554 0.36260784 0.36284518 0.3652516
 0.37806916 0.3790912  0.38363785 0.38802826 0.3894773  0.39733726
 0.3976701  0.39864755 0.40048867 0.4057678  0.40691602 0.41032326
 0.4164343  0.41714638 0.41775155 0.41778624 0.4209085  0.42389333
 0.42452455 0.42577255 0.42578775 0.42616218 0.43520486 0.4354691
 0.44044387 0.44214976 0.44279033 0.4489593  0.4533636  0.45765305
 0.46333402 0.47919065 0.48517722 0.4908089  0.49403918 0.49539393
 0.49595964 0.4976725  0.49920386 0.502018   0.5024764  0.5056295
 0.50868595 0.5087919  0.51203305 0.5202458  0.5205258  0.52665806
 0.5278057  0.52787834 0.5296124  0.52984154 0.5307044  0.53274906
 0.5361334  0.53680086 0.54147434 0.5418811  0.54323137 0.54502475
 0.5469756  0.5472741  0.5577371  0.5609194  0.5614532  0.56195045
 0.56358457 0.5656941  0.5698048  0.5816457  0.58177555 0.5822365
 0.58276176 0.585665   0.5862371  0.5881813  0.5907439  0.598428
 0.60674024 0.6093899  0.60963655 0.6137577  0.6155593  0.6200924
 0.62036914 0.62043035 0.62156236 0.6246245  0.6256747  0.6269414
 0.6284895  0.6296611  0.6370977  0.64140975 0.64227045 0.6447084
 0.6450489  0.6450733  0.64536476 0.6476154  0.6574373  0.6607158
 0.66194105 0.6672113  0.6680497  0.6731818  0.67451596 0.6755322
 0.6771349  0.67738175 0.67884684 0.6840317  0.68773675 0.6924392
 0.6939506  0.6956092  0.6993712  0.7000996  0.70188797 0.7067478
 0.7105534  0.71695936 0.7191323  0.72460234 0.72935337 0.74676394
 0.7486812  0.7492747  0.7515936  0.7530911  0.75518787 0.7555609
 0.7581586  0.75913376 0.76057273 0.76191616 0.76992625 0.7729094
 0.7773826  0.7778022  0.7785402  0.78364074 0.7836901  0.7844608
 0.7854078  0.79025185 0.79029    0.7919792  0.79621917 0.797605
 0.80072576 0.80077523 0.80184156 0.8027353  0.80444366 0.8052143
 0.80916023 0.809764   0.81344646 0.8148072  0.81961703 0.81991565
 0.820119   0.82402873 0.8254293  0.82572544 0.82641256 0.8278084
 0.8304149  0.8333667  0.83438754 0.8355414  0.83681726 0.83987147
 0.84219694 0.8438235  0.84619796 0.84687454 0.847514   0.8495815
 0.85008264 0.8516794  0.8525708  0.854256   0.85800207 0.85848325
 0.8590216  0.85904396 0.86123824 0.86316216 0.8653305  0.8679563
 0.8720909  0.873991   0.87410676 0.87467426 0.8819891  0.8846368
 0.8854024  0.8908313  0.8908356  0.89135575 0.89294416 0.8931563
 0.8950352  0.8950647  0.90039    0.90107733 0.9049028  0.90576094
 0.90965325 0.9116332  0.91722894 0.9190855  0.9228128  0.9242616
 0.92564285 0.92842263 0.93701154 0.9425831  0.94273204 0.9470143
 0.94994676 0.95164317 0.9520527  0.9758717  0.98886895 0.9897977
 0.9920225  0.99353266 0.9953851  1.        ]


Adaptation phase--------------------------------------------------------------------------------------------------------


Epoch:  0
{'loss_object_class': 0.4852808713912964, 'acc_train': 0.8125, 'loss_rotation': 1.6222161054611206, 'acc_train_rot': 0.875, 'entropy_loss': 0.08462214469909668}
os 0.8910533910533911
os* 0.9801587301587302
unkn 0.0
hos 0.0
Namespace(batch_size=32, cls_weight_source=1.0, divison_learning_rate_backbone=10.0, entropy_weight=0.1, epochs_step1=10, epochs_step2=1, folder_dataset='/mnt/tank/scratch/negorov/ROS/', folder_log='/mnt/tank/scratch/negorov/ROS/outputs/logs/Nov27_09-42-59', folder_name='/mnt/tank/scratch/negorov/ROS/outputs/Nov27_09-42-59', folder_txt_files='/mnt/tank/scratch/negorov/ROS/data/', folder_txt_files_saving='/mnt/tank/scratch/negorov/ROS/data/Nov27_09-42-59', gpu=1, learning_rate=0.003, n_classes=10, n_classes_target=21, n_workers=4, only_4_rotations=False, source='amazon_0-9', ss_classes=4, ss_weight_source=3.0, ss_weight_target=3.0, target='webcam_0-9_20-30', use_VGG=False, use_weight_net_first_part=True, weight_center_loss=0.1, weight_class_unknown=2.0)
